[1, 2760, 1]
[2, 2340, 2]
[2, 2641, 2]
[2, 263, 4]
[1, 1289, 2]
[3, 1, 1]
[1, 13, 5]
[3, 1, 7]
[1, 6380, 1]
[2, 2425, 2]
[1, 14, 5]
[3, 4, 10]
[3, 1, 10]
[2, 8380, 1]
[2, 272, 6]
[1, 695, 3]
[1, 780, 2]
[1, 6814, 11]
[1, 3970, 1]
[1, 208, 6]
[2, 187, 12]
[2, 34, 12]
[1, 18, 14]
[1, 8, 10]
[3, 1, 21]
[1, 22, 19]
[2, 2305, 4]
[2, 5, 19]
[2, 12, 20]
[2, 182, 17]
[2, 7, 21]
[1, 2485, 4]
[2, 5979, 15]
[1, 3, 18]
[2, 551, 29]
[2, 1, 19]
[2, 19, 17]
[3, 33, 33]
[2, 8, 33]
[1, 1175, 28]
[1, 536, 13]
[3, 1, 36]
[1, 1521, 8]
[2, 8, 33]
[3, 26, 36]
[2, 1, 19]
[1, 5061, 29]
[2, 1571, 1]
[2, 16, 22]
[1, 1004, 8]
[2, 765, 35]
[1, 52, 8]
[2, 671, 37]
[3, 1, 46]
[2, 48, 45]
[2, 5474, 11]
[2, 713, 14]
[3, 19, 48]
[1, 1, 19]
[3, 9, 43]
[3, 1, 13]
[2, 137, 12]
[1, 19, 22]
[2, 7, 22]
[1, 2, 32]
[1, 6, 27]
[2, 4787, 48]
[2, 25, 37]
[1, 17, 42]
[2, 681, 9]
[1, 2796, 16]
[3, 1, 60]
[3, 1, 2]
[2, 746, 14]
[3, 1, 61]
[1, 211, 36]
[3, 1, 17]
[2, 117, 17]
[1, 1, 39]
[2, 15, 52]
[2, 1746, 11]
[1, 75, 37]
[2, 2103, 4]
[1, 13, 58]
[2, 10, 52]
[3, 1, 70]
[3, 40, 67]
[1, 2123, 23]
[3, 1, 71]
[2, 3642, 56]
[2, 2479, 1]
[3, 22, 68]
[1, 1445, 16]
[1, 10, 19]
[1, 302, 59]
[2, 514, 46]
[2, 2419, 28]
[1, 1283, 28]
[2, 3, 38]
[3, 18, 65]
[3, 1, 36]
[1, 13, 22]
[1, 6, 69]
[1, 429, 13]
[2, 123, 68]
[3, 59, 84]
[3, 1, 83]
[2, 1, 69]
[1, 2, 39]
[2, 1, 53]
[3, 55, 87]
[3, 3, 87]
[1, 847, 3]
[2, 2, 70]
[1, 7, 34]
[1, 3123, 11]
[3, 44, 83]
[2, 778, 74]
[3, 2, 28]
[1, 1092, 23]
[1, 35, 4]
[2, 88, 83]
[1, 16, 62]
[2, 3400, 72]
[3, 1, 97]
[3, 1, 6]
[1, 2, 54]
[3, 3, 10]
[3, 83, 98]
[3, 1, 98]
[3, 1, 98]
[3, 55, 96]
[3, 27, 97]
[2, 1, 98]
[1, 51, 63]
[2, 228, 71]
[3, 2, 40]
[1, 156, 1]
[2, 398, 35]
[2, 250, 44]
[3, 1, 103]
[1, 828, 15]
[1, 3, 80]
[1, 4, 53]
[3, 1, 107]
[2, 2401, 56]
[3, 1, 3]
[3, 17, 80]
[1, 8044, 11]
[3, 30, 109]
[3, 3, 62]
[3, 1, 109]
[3, 3, 12]
[1, 235, 14]
[1, 1, 32]
[2, 7605, 11]
[3, 90, 107]
[3, 10, 93]
[1, 136, 62]
[2, 855, 35]
[2, 622, 59]
[2, 4, 70]
[2, 327, 103]
[1, 3, 86]
[3, 1, 118]
[2, 1, 34]
[3, 78, 119]
[2, 2, 81]
[3, 1, 120]
[3, 1, 119]
[3, 1, 119]
[3, 1, 120]
[2, 79, 103]
[2, 12, 20]
[1, 6, 7]
[3, 6, 65]
[3, 48, 111]
[1, 15, 42]
[1, 822, 41]
[1, 165, 105]
[3, 1, 125]
[1, 4, 107]
[3, 120, 127]
[1, 405, 61]
[1, 12, 110]
[3, 33, 112]
[1, 34, 63]
[3, 35, 110]
[1, 209, 6]
[3, 66, 122]
[2, 4, 124]
[1, 27, 130]
[3, 7, 42]
[1, 760, 97]
[1, 11, 122]
[2, 4, 82]
[3, 1, 136]
[1, 94, 40]
[2, 812, 41]
[2, 5, 22]
[3, 2, 57]
[2, 1, 98]
[1, 769, 88]
[2, 7, 34]
[2, 120, 117]
[3, 1, 143]
[2, 238, 14]
[3, 1, 144]
[1, 2, 80]
[2, 2, 30]
[3, 1, 72]
[3, 3, 146]
[1, 104, 5]
[1, 16, 33]
[2, 16, 100]
[1, 46, 17]
[2, 357, 115]
[3, 55, 140]
[1, 6, 135]
[1, 89, 125]
[3, 14, 87]
[2, 1637, 68]
[3, 11, 126]
[1, 3, 90]
[2, 1918, 29]
[2, 2634, 2]
[2, 28, 84]
[3, 30, 149]
[2, 126, 51]
[1, 5, 42]
[3, 1, 160]
[2, 2338, 28]
[1, 180, 128]
[2, 14, 162]
[2, 2, 30]
[1, 2005, 48]
[2, 5, 34]
[3, 1, 166]
[1, 2, 166]
[2, 40, 100]
[2, 2658, 60]
[3, 22, 140]
[3, 1, 166]
[3, 5, 56]
[2, 1383, 161]
[2, 1, 146]
[3, 2, 9]
[3, 1, 169]
[1, 2, 99]
[1, 272, 49]
[3, 19, 138]
[3, 8, 147]
[3, 1, 173]
[2, 91, 77]
[3, 2, 173]
[3, 174, 174]
[2, 473, 14]
[1, 5, 27]
[1, 3291, 48]
[3, 19, 127]
[1, 6, 24]
[1, 448, 114]
[3, 1, 29]
[1, 11, 81]
[3, 2, 180]
[3, 2, 180]
[2, 3, 127]
[3, 1, 181]
[3, 9, 130]
[1, 1834, 72]
[2, 4, 55]
[3, 1, 183]
[1, 6, 123]
[2, 4215, 15]
[3, 26, 151]
[1, 29, 17]
[1, 5, 158]
[2, 3, 176]
[2, 654, 2]
[3, 1, 189]
[3, 26, 177]
[2, 70, 74]
[2, 3, 38]
[3, 7, 191]
[3, 1, 10]
[3, 7, 52]
[1, 145, 26]
[2, 1, 54]
[1, 8, 10]
[2, 34, 94]
[1, 13, 25]
[1, 571, 23]
[1, 147, 26]
[1, 421, 28]
[1, 1159, 161]
[3, 55, 164]
[3, 1, 199]
[3, 65, 185]
[2, 381, 197]
[2, 1577, 66]
[3, 45, 174]
[1, 706, 134]
[3, 26, 116]
[1, 1739, 71]
[3, 1, 204]
[2, 1, 30]
[2, 39, 168]
[1, 29, 190]
[1, 1735, 78]
[3, 2, 18]
[2, 26, 150]
[2, 5, 94]
[1, 242, 104]
[1, 157, 26]
[3, 47, 212]
[1, 7, 70]
[3, 2, 175]
[2, 17, 45]
[2, 628, 154]
[2, 130, 128]
[3, 204, 212]
[1, 4, 123]
[3, 1, 217]
[2, 1, 80]
[1, 44, 26]
[3, 24, 192]
[3, 33, 190]
[1, 634, 37]
[1, 1332, 41]
[3, 13, 126]
[2, 1, 172]
[2, 52, 126]
[3, 121, 221]
[2, 173, 131]
[3, 4, 47]
[1, 946, 3]
[3, 98, 222]
[1, 1010, 204]
[3, 1, 224]
[1, 467, 115]
[1, 3, 194]
[3, 163, 226]
[1, 131, 126]
[2, 54, 102]
[3, 2, 160]
[1, 14, 124]
[1, 1, 64]
[1, 10, 22]
[2, 3, 187]
[2, 3, 34]
[2, 2, 80]
[1, 589, 138]
[3, 5, 237]
[1, 2, 55]
[2, 3, 213]
[3, 128, 236]
[2, 69, 224]
[3, 1, 240]
[3, 2, 66]
[2, 95, 103]
[1, 1646, 204]
[1, 2, 129]
[1, 3, 89]
[1, 138, 17]
[3, 1, 243]
[1, 41, 168]
[1, 13, 81]
[1, 1, 64]
[3, 1, 248]
[3, 215, 248]
[3, 15, 84]
[3, 99, 246]
[3, 45, 247]
[3, 1, 248]
[3, 3, 246]
[1, 744, 37]
[1, 379, 201]
[3, 89, 233]
[3, 25, 79]
[3, 23, 118]
[2, 159, 17]
[2, 455, 175]
[2, 870, 221]
[3, 5, 95]
[1, 2, 55]
[2, 633, 37]
[3, 200, 248]
[2, 33, 192]
[2, 4, 152]
[3, 153, 245]
[1, 4700, 15]
[3, 8, 258]
[2, 208, 151]
[1, 3, 27]
[1, 971, 169]
[1, 92, 216]
[1, 3, 139]
[2, 820, 73]
[1, 94, 242]
[2, 3, 241]
[2, 1, 107]
[2, 36, 245]
[3, 1, 16]
[1, 2, 27]
[3, 261, 268]
[3, 1, 53]
[3, 1, 269]
[3, 1, 269]
[3, 115, 247]
[3, 25, 107]
[2, 39, 174]
[2, 16, 246]
[2, 44, 31]
[3, 3, 272]
[3, 1, 272]
[1, 3, 34]
[2, 141, 237]
[1, 126, 36]
[3, 14, 131]
[3, 2, 275]
[2, 312, 189]
[3, 6, 276]
[1, 635, 23]
[1, 131, 35]
[3, 219, 276]
[3, 19, 187]
[3, 5, 278]
[3, 266, 278]
[2, 1343, 185]
[2, 633, 8]
[3, 213, 279]
[2, 1, 254]
[2, 758, 134]
[1, 1, 127]
[3, 3, 282]
[3, 1, 282]
[2, 189, 259]
[1, 303, 73]
[1, 96, 49]
[1, 1, 87]
[3, 161, 286]
[3, 65, 272]
[1, 25, 186]
[3, 78, 250]
[1, 1, 120]
[2, 134, 31]
[1, 48, 223]
[3, 172, 289]
[2, 8, 214]
[2, 277, 201]
[3, 1, 290]
[1, 639, 138]
[3, 35, 186]
[1, 6, 82]
[2, 2452, 177]
[3, 114, 281]
[2, 1242, 221]
[1, 2, 243]
[3, 1, 298]
[1, 2543, 16]
[3, 1, 298]
[3, 4, 299]
[2, 1, 273]
[2, 1321, 108]
[3, 237, 295]
[3, 221, 295]
[3, 1, 301]
[1, 1, 54]
[3, 143, 298]
[2, 233, 297]
[3, 28, 296]
[2, 5, 152]
[1, 2888, 97]
[2, 1193, 299]
[2, 82, 159]
[2, 2190, 28]
[1, 212, 104]
[3, 1, 309]
[1, 561, 203]
[3, 2, 309]
[3, 81, 284]
[1, 2, 295]
[2, 261, 226]
[1, 35, 14]
[3, 221, 300]
[3, 4, 37]
[2, 9, 135]
[2, 8, 20]
[1, 87, 282]
[3, 54, 219]
[3, 172, 315]
[3, 2, 316]
[2, 215, 201]
[2, 66, 26]
[3, 11, 80]
[2, 44, 83]
[3, 4, 122]
[3, 314, 319]
[1, 3, 250]
[3, 1, 316]
[1, 2, 238]
[1, 24, 206]
[3, 1, 322]
[3, 200, 322]
[2, 1, 172]
[3, 16, 252]
[3, 2, 14]
[3, 108, 310]
[3, 244, 319]
[1, 5, 116]
[2, 3, 213]
[3, 1, 325]
[3, 286, 319]
[1, 2, 70]
[2, 4, 178]
[1, 1036, 16]
[3, 244, 322]
[1, 106, 76]
[3, 1, 329]
[2, 45, 113]
[2, 214, 36]
[2, 1, 94]
[1, 72, 151]
[1, 14, 96]
[1, 4, 244]
[3, 1, 96]
[2, 7, 133]
[1, 1, 42]
[1, 21, 150]
[2, 74, 278]
[3, 1, 338]
[1, 283, 294]
[2, 15, 241]
[1, 1, 337]
[3, 1, 341]
[1, 4647, 112]
[2, 482, 237]
[2, 197, 16]
[1, 2167, 108]
[2, 1, 321]
[3, 3, 346]
[2, 1321, 4]
[3, 1, 346]
[2, 5, 81]
[3, 276, 348]
[2, 3, 127]
[2, 85, 316]
[1, 92, 170]
[3, 1, 352]
[3, 1, 352]
[2, 1491, 66]
[2, 15, 275]
[3, 7, 152]
[3, 1, 353]
[3, 2, 353]
[3, 17, 333]
[3, 1, 143]
[3, 1, 351]
[1, 1280, 74]
[3, 196, 351]
[2, 11, 288]
[2, 4, 304]
[3, 107, 340]
[1, 4, 188]
[2, 24, 131]
[2, 621, 115]
[3, 1, 360]
[3, 12, 224]
[2, 101, 113]
[3, 1, 356]
[1, 175, 5]
[1, 4, 7]
[2, 3, 20]
[2, 66, 278]
[2, 1, 172]
[1, 633, 346]
[2, 15, 130]
[2, 424, 161]
[1, 164, 128]
[3, 103, 354]
[1, 10, 81]
[2, 51, 331]
[1, 2, 39]
[1, 5, 341]
[2, 1, 30]
[2, 194, 345]
[1, 45, 121]
[2, 558, 46]
[1, 424, 141]
[1, 43, 212]
[1, 6, 250]
[1, 5178, 8]
[2, 42, 365]
[1, 19, 293]
[1, 8, 231]
[3, 174, 350]
[1, 433, 249]
[2, 11, 69]
[3, 128, 347]
[3, 4, 273]
[2, 226, 203]
[3, 201, 365]
[3, 48, 387]
[1, 460, 92]
[3, 1, 389]
[1, 1829, 78]
[1, 78, 174]
[3, 2, 391]
[1, 8, 292]
[3, 292, 387]
[2, 5, 314]
[2, 22, 101]
[3, 1, 390]
[3, 16, 320]
[3, 7, 392]
[3, 19, 366]
[3, 3, 119]
[2, 1, 167]
[1, 91, 174]
[2, 5, 163]
[1, 30, 203]
[2, 1, 135]
[2, 618, 353]
[1, 108, 245]
[1, 7, 270]
[3, 2, 401]
[2, 2522, 109]
[2, 1, 324]
[3, 2, 404]
[3, 1, 404]
[3, 261, 400]
[2, 1, 269]
[1, 15, 272]
[1, 3, 321]
[2, 156, 203]
[1, 2, 232]
[3, 1, 409]
[3, 1, 409]
[3, 1, 409]
[1, 761, 108]
[1, 27, 330]
[1, 64, 262]
[1, 21, 338]
[3, 1, 22]
[1, 149, 131]
[3, 1, 414]
[1, 3320, 8]
[3, 55, 307]
[3, 1, 415]
[3, 188, 359]
[3, 1, 415]
[1, 61, 329]
[3, 1, 416]
[3, 1, 416]
[2, 1, 164]
[2, 140, 293]
[3, 2, 418]
[2, 588, 114]
[3, 56, 332]
[3, 1, 417]
[1, 1, 397]
[1, 276, 103]
[2, 1, 160]
[1, 1393, 165]
[3, 419, 423]
[3, 1, 421]
[2, 63, 251]
[1, 3, 260]
[3, 22, 205]
[2, 1681, 66]
[3, 1, 426]
[2, 508, 2]
[3, 4, 360]
[3, 4, 280]
[1, 86, 95]
[3, 32, 342]
[3, 2, 43]
[3, 419, 428]
[1, 251, 76]
[2, 71, 198]
[2, 118, 92]
[3, 1, 431]
[1, 95, 18]
[3, 1, 432]
[3, 1, 432]
[1, 1069, 79]
[2, 1, 407]
[1, 66, 391]
[2, 13, 125]
[3, 42, 291]
[3, 1, 210]
[3, 1, 50]
[3, 26, 139]
[1, 646, 59]
[1, 21, 190]
[3, 1, 438]
[2, 26, 207]
[1, 571, 225]
[2, 4671, 109]
[3, 1, 441]
[2, 1, 238]
[2, 17, 280]
[3, 1, 443]
[2, 145, 367]
[2, 1632, 157]
[3, 3, 444]
[1, 416, 14]
[3, 27, 292]
[1, 67, 421]
[1, 2082, 4]
[2, 1, 30]
[2, 33, 130]
[1, 270, 400]
[3, 1, 451]
[2, 22, 100]
[2, 11, 124]
[1, 9, 196]
[1, 2536, 40]
[1, 17, 148]
[3, 359, 451]
[3, 151, 452]
[3, 1, 455]
[2, 16, 303]
[3, 63, 399]
[3, 13, 457]
[3, 44, 237]
[3, 302, 451]
[2, 1656, 2]
[1, 17, 408]
[1, 18, 288]
[3, 23, 176]
[2, 868, 161]
[1, 3, 81]
[2, 1126, 157]
[2, 1041, 348]
[3, 3, 160]
[2, 109, 421]
[1, 12, 356]
[3, 1, 466]
[1, 297, 426]
[2, 10, 466]
[3, 9, 466]
[3, 7, 468]
[3, 374, 456]
[3, 3, 465]
[3, 438, 468]
[2, 303, 445]
[2, 1159, 204]
[2, 29, 144]
[1, 421, 154]
[2, 1, 326]
[1, 1983, 177]
[1, 5, 396]
[1, 2, 139]
[2, 3914, 16]
[2, 7, 219]
[2, 30, 319]
[3, 429, 476]
[2, 1927, 165]
[1, 408, 306]
[2, 1, 172]
[1, 21, 265]
[2, 599, 182]
[2, 152, 293]
[2, 389, 114]
[3, 1, 486]
[1, 1, 111]
[2, 166, 26]
[3, 155, 484]
[1, 16, 439]
[1, 203, 299]
[3, 30, 484]
[3, 1, 490]
[2, 34, 435]
[2, 1, 466]
[3, 9, 463]
[2, 558, 255]
[2, 22, 319]
[1, 1915, 73]
[1, 774, 14]
[2, 21, 339]
[1, 149, 370]
[1, 104, 276]
[2, 3945, 29]
[1, 1116, 353]
[3, 359, 473]
[1, 31, 270]
[2, 17, 318]
[3, 34, 371]
[2, 221, 463]
[1, 760, 93]
[1, 102, 389]
[3, 38, 467]
[1, 1413, 41]
[1, 1122, 445]
[3, 10, 508]
[1, 112, 5]
[3, 1, 509]
[3, 2, 5]
[3, 1, 509]
[1, 757, 480]
[1, 300, 264]
[3, 1, 145]
[3, 271, 508]
[1, 74, 220]
[1, 832, 242]
[3, 40, 192]
[1, 4, 364]
[1, 138, 485]
[2, 129, 259]
[3, 53, 444]
[3, 184, 510]
[2, 1215, 500]
[1, 25, 439]
[1, 78, 408]
[2, 399, 141]
[1, 7, 152]
[3, 1, 436]
[2, 25, 383]
[3, 1, 41]
[1, 7, 135]
[2, 18, 452]
[2, 5, 402]
[2, 35, 241]
[1, 46, 47]
[1, 301, 461]
[3, 257, 506]
[3, 3, 528]
[1, 119, 485]
[1, 101, 83]
[3, 7, 530]
[3, 2, 165]
[3, 520, 530]
[1, 2749, 415]
[3, 13, 160]
[2, 72, 46]
[1, 386, 441]
[2, 93, 126]
[1, 289, 493]
[3, 3, 531]
[1, 7, 459]
[3, 8, 248]
[2, 416, 179]
[1, 2, 409]
[1, 22, 288]
[1, 1, 257]
[1, 174, 255]
[1, 3718, 40]
[3, 4, 208]
[2, 497, 328]
[3, 273, 505]
[3, 151, 445]
[2, 502, 508]
[2, 62, 117]
[2, 1, 209]
[3, 10, 88]
[3, 2, 546]
[2, 16, 527]
[2, 28, 380]
[2, 191, 493]
[1, 162, 309]
[2, 1, 298]
[2, 31, 372]
[3, 3, 552]
[1, 118, 379]
[1, 1861, 185]
[1, 354, 61]
[2, 694, 204]
[1, 16, 168]
[3, 1, 557]
[1, 2151, 1]
[1, 987, 458]
[1, 129, 62]
[3, 1, 556]
[2, 5, 148]
[3, 388, 540]
[2, 76, 115]
[2, 1924, 60]
[2, 12, 7]
[1, 6, 561]
[1, 43, 329]
[3, 1, 564]
[2, 1, 172]
[2, 50, 216]
[3, 1, 568]
[3, 71, 460]
[2, 136, 312]
[1, 4, 273]
[2, 3606, 109]
[3, 8, 571]
[2, 7, 159]
[3, 9, 51]
[3, 2, 572]
[1, 266, 486]
[3, 547, 570]
[1, 4, 320]
[3, 414, 565]
[1, 1257, 301]
[1, 1, 267]
[3, 1, 575]
[1, 126, 275]
[3, 2, 572]
[2, 1, 523]
[1, 15, 209]
[1, 145, 429]
[3, 431, 579]
[1, 28, 259]
[2, 397, 249]
[1, 93, 376]
[2, 578, 437]
[3, 1, 584]
[3, 64, 470]
[1, 63, 369]
[3, 1, 585]
[2, 10, 483]
[2, 91, 506]
[3, 1, 587]
[2, 51, 153]
[3, 1, 588]
[3, 16, 250]
[2, 12, 58]
[3, 365, 577]
[2, 488, 49]
[2, 510, 563]
[3, 1, 591]
[1, 41, 516]
[3, 401, 590]
[1, 17, 519]
[2, 30, 372]
[2, 22, 515]
[3, 3, 595]
[1, 37, 515]
[2, 556, 35]
[1, 406, 597]
[3, 1, 598]
[2, 1, 176]
[3, 1, 598]
[3, 2, 594]
[2, 8, 7]
[1, 4, 176]
[1, 4, 334]
[1, 170, 250]
[2, 34, 329]
[2, 259, 340]
[3, 557, 605]
[1, 206, 573]
[1, 11, 95]
[1, 548, 328]
[2, 80, 259]
[2, 64, 488]
[1, 7, 521]
[2, 227, 16]
[2, 235, 199]
[2, 54, 573]
[1, 128, 251]
[2, 7, 34]
[2, 995, 43]
[1, 374, 49]
[3, 9, 597]
[2, 101, 229]
[1, 20, 19]
[2, 126, 31]
[1, 663, 141]
[3, 9, 622]
[3, 1, 622]
[1, 1, 302]
[3, 1, 621]
[2, 923, 91]
[2, 1, 350]
[1, 380, 590]
[1, 11, 65]
[1, 5, 601]
[1, 2400, 48]
[3, 230, 613]
[3, 37, 504]
[3, 3, 626]
[2, 3, 628]
[3, 111, 624]
[1, 402, 379]
[3, 265, 596]
[3, 558, 630]
[1, 1, 89]
[3, 3, 401]
[3, 1, 632]
[2, 9, 334]
[3, 182, 631]
[2, 285, 631]
[3, 283, 618]
[1, 1807, 177]
[2, 207, 310]
[3, 16, 398]
[2, 1, 172]
[3, 7, 637]
[3, 24, 199]
[3, 318, 627]
[2, 2012, 448]
[1, 10, 338]
[2, 8, 314]
[2, 24, 19]
[3, 1, 641]
